186.5 187.5 264.5 166.5 218.5 304.5 285.5 270.5 292.5 369.5 356.5 322.5 406.5 418.5 461.5 353.5 388.5 204.5 495.5 211.5 396.5 280.5 496.5 300.5 
186.5 186.5 264.5 166.5 217.5 303.5 285.5 269.5 291.5 369.5 355.5 322.5 405.5 418.5 462.5 352.5 388.5 204.5 495.5 211.5 396.5 279.5 496.5 300.5 
187.5 186.5 265.5 166.5 218.5 303.5 285.5 269.5 293.5 368.5 355.5 322.5 406.5 417.5 462.5 352.5 389.5 203.5 495.5 211.5 397.5 279.5 496.5 300.5 
187.5 185.5 266.5 166.5 218.5 303.5 286.5 269.5 294.5 368.5 356.5 322.5 407.5 417.5 463.5 352.5 390.5 203.5 496.5 211.5 397.5 280.5 497.5 300.5 
188.5 186.5 267.5 167.5 219.5 304.5 286.5 270.5 294.5 369.5 357.5 323.5 407.5 418.5 462.5 354.5 390.5 205.5 497.5 212.5 397.5 281.5 496.5 302.5 
189.5 188.5 267.5 168.5 219.5 305.5 286.5 271.5 293.5 371.5 357.5 324.5 407.5 420.5 463.5 355.5 390.5 207.5 497.5 214.5 397.5 282.5 497.5 303.5 
191.5 189.5 268.5 169.5 220.5 305.5 288.5 272.5 295.5 371.5 359.5 324.5 408.5 420.5 464.5 355.5 391.5 207.5 497.5 215.5 398.5 283.5 498.5 303.5 
191.5 189.5 268.5 170.5 221.5 306.5 288.5 272.5 295.5 372.5 359.5 325.5 409.5 421.5 464.5 356.5 391.5 208.5 498.5 215.5 399.5 283.5 498.5 304.5 
193.5 190.5 270.5 171.5 222.5 306.5 289.5 273.5 297.5 372.5 359.5 326.5 410.5 421.5 465.5 356.5 392.5 208.5 499.5 215.5 400.5 283.5 499.5 304.5 
194.5 191.5 270.5 171.5 224.5 307.5 290.5 274.5 297.5 373.5 361.5 326.5 411.5 422.5 466.5 357.5 393.5 209.5 500.5 216.5 401.5 284.5 500.5 305.5 
195.5 190.5 272.5 171.5 225.5 306.5 291.5 273.5 299.5 372.5 362.5 326.5 413.5 421.5 468.5 356.5 395.5 208.5 501.5 216.5 402.5 284.5 501.5 305.5 
198.5 189.5 273.5 168.5 227.5 305.5 293.5 272.5 300.5 371.5 363.5 325.5 414.5 420.5 470.5 355.5 396.5 208.5 503.5 215.5 404.5 282.5 503.5 304.5 
198.5 188.5 274.5 169.5 227.5 305.5 293.5 272.5 301.5 370.5 363.5 325.5 415.5 420.5 469.5 356.5 397.5 207.5 504.5 215.5 404.5 283.5 503.5 304.5 
199.5 188.5 276.5 169.5 228.5 304.5 294.5 271.5 302.5 370.5 365.5 324.5 416.5 419.5 471.5 355.5 398.5 206.5 505.5 215.5 405.5 282.5 504.5 304.5 
200.5 188.5 276.5 168.5 229.5 304.5 295.5 271.5 302.5 370.5 365.5 324.5 417.5 419.5 472.5 355.5 399.5 207.5 506.5 215.5 406.5 282.5 505.5 304.5 
200.5 188.5 276.5 169.5 228.5 305.5 295.5 272.5 302.5 371.5 365.5 325.5 418.5 420.5 472.5 356.5 399.5 207.5 506.5 215.5 406.5 283.5 506.5 304.5 
200.5 189.5 277.5 170.5 229.5 306.5 296.5 273.5 303.5 372.5 366.5 326.5 418.5 422.5 473.5 357.5 399.5 209.5 507.5 216.5 406.5 284.5 507.5 305.5 
201.5 191.5 277.5 172.5 230.5 308.5 295.5 274.5 305.5 373.5 366.5 328.5 418.5 424.5 473.5 359.5 399.5 211.5 507.5 218.5 406.5 286.5 507.5 307.5 
202.5 193.5 278.5 174.5 231.5 310.5 297.5 277.5 304.5 376.5 366.5 330.5 420.5 426.5 474.5 361.5 400.5 213.5 508.5 221.5 407.5 288.5 508.5 309.5 
205.5 195.5 280.5 175.5 232.5 311.5 298.5 278.5 306.5 377.5 368.5 331.5 422.5 428.5 476.5 363.5 402.5 214.5 509.5 222.5 408.5 289.5 509.5 311.5 
205.5 197.5 280.5 178.5 232.5 313.5 298.5 280.5 307.5 379.5 369.5 333.5 422.5 431.5 477.5 365.5 402.5 216.5 510.5 224.5 409.5 291.5 509.5 313.5 
206.5 197.5 281.5 178.5 233.5 314.5 299.5 281.5 309.5 380.5 370.5 334.5 424.5 432.5 478.5 366.5 403.5 217.5 511.5 225.5 410.5 292.5 511.5 314.5 
207.5 199.5 282.5 180.5 234.5 315.5 300.5 282.5 310.5 382.5 370.5 336.5 425.5 434.5 479.5 368.5 404.5 218.5 512.5 227.5 411.5 293.5 512.5 316.5 
208.5 201.5 283.5 182.5 235.5 317.5 301.5 284.5 310.5 384.5 372.5 337.5 426.5 436.5 479.5 370.5 405.5 219.5 513.5 228.5 411.5 295.5 513.5 317.5 
209.5 204.5 284.5 185.5 235.5 320.5 302.5 287.5 311.5 387.5 372.5 340.5 428.5 439.5 481.5 372.5 405.5 223.5 514.5 230.5 412.5 297.5 513.5 320.5 
209.5 206.5 283.5 186.5 236.5 322.5 301.5 288.5 311.5 389.5 373.5 341.5 430.5 440.5 482.5 373.5 405.5 224.5 514.5 232.5 412.5 299.5 513.5 321.5 
209.5 209.5 283.5 188.5 236.5 324.5 301.5 290.5 313.5 391.5 373.5 343.5 431.5 442.5 483.5 375.5 405.5 225.5 514.5 233.5 412.5 300.5 514.5 322.5 
209.5 212.5 283.5 191.5 237.5 328.5 302.5 293.5 313.5 394.5 373.5 346.5 432.5 446.5 484.5 377.5 405.5 227.5 514.5 234.5 412.5 303.5 514.5 324.5 
209.5 214.5 283.5 193.5 237.5 330.5 302.5 295.5 314.5 397.5 374.5 348.5 434.5 449.5 484.5 380.5 405.5 229.5 515.5 236.5 413.5 304.5 515.5 326.5 
209.5 216.5 284.5 195.5 237.5 332.5 302.5 296.5 315.5 399.5 375.5 350.5 436.5 451.5 486.5 381.5 406.5 231.5 515.5 239.5 414.5 306.5 516.5 327.5 
207.5 217.5 282.5 196.5 236.5 334.5 302.5 298.5 314.5 401.5 374.5 351.5 436.5 453.5 486.5 382.5 405.5 232.5 515.5 238.5 413.5 307.5 516.5 328.5 
205.5 218.5 280.5 196.5 234.5 335.5 299.5 298.5 313.5 402.5 374.5 351.5 434.5 454.5 484.5 383.5 403.5 232.5 513.5 239.5 411.5 307.5 514.5 328.5 
202.5 219.5 278.5 197.5 232.5 336.5 297.5 299.5 311.5 403.5 371.5 352.5 434.5 454.5 483.5 383.5 401.5 232.5 511.5 239.5 409.5 308.5 513.5 328.5 
200.5 220.5 275.5 197.5 229.5 337.5 295.5 300.5 309.5 404.5 369.5 353.5 431.5 456.5 480.5 384.5 399.5 233.5 508.5 241.5 407.5 309.5 510.5 329.5 
196.5 220.5 272.5 198.5 226.5 338.5 292.5 301.5 305.5 406.5 366.5 354.5 428.5 457.5 477.5 385.5 396.5 234.5 506.5 240.5 404.5 309.5 507.5 329.5 
193.5 220.5 269.5 198.5 222.5 338.5 289.5 301.5 303.5 405.5 363.5 354.5 424.5 457.5 474.5 385.5 393.5 234.5 502.5 241.5 401.5 309.5 503.5 330.5 
188.5 219.5 265.5 197.5 218.5 337.5 285.5 300.5 298.5 404.5 358.5 353.5 420.5 454.5 469.5 383.5 389.5 233.5 497.5 240.5 397.5 308.5 499.5 328.5 
184.5 216.5 261.5 194.5 214.5 335.5 281.5 297.5 295.5 401.5 355.5 350.5 415.5 451.5 466.5 379.5 385.5 230.5 493.5 237.5 393.5 306.5 495.5 325.5 
180.5 214.5 259.5 193.5 211.5 333.5 278.5 296.5 291.5 399.5 352.5 348.5 412.5 447.5 462.5 377.5 382.5 229.5 489.5 236.5 390.5 304.5 491.5 323.5 
177.5 213.5 255.5 192.5 208.5 332.5 275.5 295.5 289.5 397.5 348.5 347.5 408.5 445.5 458.5 375.5 379.5 228.5 485.5 235.5 387.5 303.5 487.5 322.5 
175.5 212.5 252.5 190.5 206.5 330.5 274.5 294.5 287.5 395.5 347.5 345.5 406.5 442.5 456.5 372.5 376.5 226.5 483.5 232.5 385.5 301.5 485.5 319.5 
174.5 210.5 251.5 189.5 206.5 329.5 272.5 292.5 286.5 393.5 346.5 343.5 405.5 439.5 453.5 371.5 375.5 225.5 481.5 230.5 383.5 300.5 482.5 318.5 
173.5 207.5 250.5 187.5 204.5 326.5 271.5 289.5 283.5 390.5 344.5 340.5 403.5 434.5 452.5 367.5 373.5 223.5 479.5 228.5 382.5 297.5 480.5 315.5 
172.5 205.5 250.5 185.5 204.5 323.5 270.5 287.5 283.5 387.5 343.5 338.5 402.5 430.5 451.5 363.5 372.5 220.5 477.5 226.5 381.5 295.5 479.5 312.5 
173.5 202.5 249.5 181.5 204.5 320.5 270.5 285.5 283.5 383.5 344.5 334.5 401.5 426.5 450.5 360.5 372.5 218.5 477.5 222.5 380.5 292.5 479.5 309.5 
174.5 199.5 249.5 179.5 204.5 317.5 270.5 282.5 284.5 379.5 342.5 332.5 401.5 422.5 449.5 357.5 372.5 215.5 476.5 220.5 380.5 289.5 478.5 306.5 
174.5 196.5 251.5 177.5 205.5 314.5 271.5 280.5 284.5 377.5 344.5 329.5 402.5 418.5 449.5 355.5 373.5 213.5 477.5 218.5 380.5 288.5 478.5 304.5 
176.5 194.5 252.5 175.5 207.5 312.5 271.5 277.5 285.5 374.5 344.5 327.5 403.5 415.5 450.5 352.5 373.5 211.5 478.5 216.5 381.5 285.5 479.5 302.5 
177.5 191.5 253.5 173.5 207.5 309.5 273.5 276.5 287.5 371.5 345.5 325.5 404.5 412.5 451.5 350.5 375.5 209.5 479.5 214.5 382.5 284.5 479.5 301.5 
181.5 188.5 255.5 169.5 210.5 306.5 274.5 272.5 288.5 368.5 347.5 322.5 407.5 408.5 454.5 346.5 377.5 206.5 481.5 211.5 384.5 281.5 482.5 297.5 
183.5 185.5 257.5 166.5 212.5 303.5 277.5 270.5 290.5 365.5 349.5 319.5 409.5 405.5 456.5 343.5 379.5 203.5 484.5 208.5 386.5 278.5 484.5 294.5 
185.5 182.5 260.5 165.5 215.5 301.5 279.5 268.5 294.5 363.5 353.5 317.5 413.5 403.5 459.5 342.5 381.5 202.5 487.5 207.5 389.5 276.5 487.5 293.5 
190.5 180.5 264.5 163.5 219.5 299.5 283.5 266.5 298.5 361.5 356.5 316.5 418.5 401.5 464.5 340.5 385.5 201.5 492.5 204.5 392.5 275.5 492.5 291.5 
193.5 178.5 267.5 161.5 222.5 297.5 285.5 264.5 301.5 359.5 359.5 314.5 421.5 400.5 467.5 339.5 388.5 199.5 495.5 203.5 395.5 274.5 495.5 290.5 
195.5 173.5 270.5 157.5 224.5 294.5 288.5 261.5 304.5 356.5 362.5 311.5 425.5 397.5 471.5 336.5 392.5 195.5 499.5 200.5 398.5 271.5 498.5 288.5 
198.5 168.5 272.5 151.5 226.5 289.5 290.5 257.5 307.5 351.5 364.5 307.5 429.5 392.5 474.5 332.5 395.5 191.5 503.5 196.5 401.5 267.5 501.5 284.5 
201.5 163.5 275.5 147.5 229.5 285.5 293.5 253.5 310.5 348.5 367.5 304.5 432.5 390.5 478.5 329.5 398.5 188.5 508.5 192.5 404.5 263.5 505.5 281.5 
205.5 159.5 278.5 143.5 232.5 281.5 296.5 250.5 313.5 345.5 370.5 301.5 437.5 387.5 482.5 327.5 402.5 184.5 513.5 188.5 407.5 261.5 510.5 278.5 
208.5 156.5 282.5 141.5 235.5 279.5 299.5 248.5 317.5 343.5 375.5 299.5 442.5 386.5 488.5 325.5 406.5 182.5 518.5 186.5 411.5 259.5 514.5 277.5 
212.5 154.5 286.5 139.5 239.5 278.5 303.5 246.5 321.5 342.5 378.5 298.5 448.5 385.5 493.5 324.5 410.5 180.5 524.5 184.5 415.5 257.5 520.5 275.5 
214.5 151.5 289.5 136.5 242.5 276.5 306.5 245.5 324.5 341.5 382.5 296.5 453.5 384.5 497.5 323.5 414.5 178.5 528.5 183.5 418.5 256.5 524.5 274.5 
218.5 149.5 292.5 134.5 245.5 274.5 309.5 243.5 328.5 339.5 386.5 294.5 459.5 382.5 502.5 321.5 417.5 176.5 534.5 179.5 422.5 254.5 529.5 272.5 
221.5 147.5 295.5 132.5 248.5 273.5 312.5 241.5 332.5 338.5 390.5 293.5 464.5 382.5 507.5 320.5 421.5 174.5 539.5 178.5 426.5 252.5 533.5 271.5 
223.5 145.5 298.5 130.5 251.5 272.5 315.5 240.5 337.5 337.5 393.5 292.5 469.5 382.5 512.5 319.5 425.5 172.5 544.5 176.5 429.5 252.5 538.5 270.5 
228.5 144.5 302.5 129.5 255.5 272.5 319.5 240.5 340.5 338.5 397.5 293.5 476.5 383.5 517.5 321.5 430.5 171.5 550.5 176.5 433.5 252.5 544.5 270.5 
231.5 144.5 306.5 129.5 258.5 272.5 322.5 241.5 345.5 339.5 401.5 294.5 481.5 385.5 522.5 322.5 433.5 172.5 554.5 177.5 437.5 253.5 549.5 271.5 
233.5 146.5 308.5 131.5 261.5 275.5 324.5 243.5 347.5 342.5 403.5 296.5 484.5 389.5 526.5 324.5 436.5 174.5 558.5 179.5 439.5 255.5 551.5 274.5 
235.5 148.5 309.5 132.5 262.5 277.5 326.5 245.5 349.5 345.5 406.5 298.5 488.5 392.5 529.5 327.5 438.5 175.5 561.5 180.5 441.5 257.5 554.5 276.5 
236.5 151.5 311.5 136.5 263.5 280.5 327.5 247.5 351.5 348.5 407.5 301.5 491.5 396.5 531.5 331.5 439.5 179.5 562.5 184.5 442.5 260.5 556.5 279.5 
236.5 154.5 311.5 139.5 263.5 283.5 327.5 250.5 351.5 352.5 406.5 305.5 491.5 401.5 532.5 334.5 439.5 181.5 564.5 186.5 443.5 261.5 556.5 282.5 
237.5 158.5 311.5 142.5 263.5 287.5 327.5 253.5 351.5 356.5 407.5 308.5 494.5 405.5 533.5 338.5 440.5 184.5 563.5 190.5 443.5 265.5 557.5 285.5 
236.5 161.5 311.5 145.5 262.5 290.5 326.5 256.5 352.5 359.5 408.5 311.5 493.5 410.5 533.5 342.5 440.5 187.5 564.5 193.5 443.5 268.5 558.5 288.5 
234.5 165.5 308.5 148.5 260.5 294.5 325.5 260.5 349.5 364.5 406.5 314.5 493.5 414.5 531.5 345.5 437.5 190.5 561.5 196.5 441.5 271.5 556.5 291.5 
232.5 171.5 306.5 153.5 259.5 300.5 323.5 265.5 348.5 370.5 405.5 320.5 492.5 421.5 530.5 351.5 436.5 195.5 560.5 201.5 440.5 276.5 555.5 296.5 
229.5 176.5 304.5 158.5 257.5 305.5 321.5 269.5 346.5 375.5 403.5 324.5 490.5 427.5 529.5 355.5 434.5 199.5 557.5 205.5 438.5 280.5 552.5 300.5 
227.5 183.5 301.5 163.5 254.5 311.5 319.5 274.5 344.5 381.5 401.5 329.5 488.5 433.5 526.5 360.5 431.5 204.5 554.5 211.5 436.5 284.5 550.5 305.5 
222.5 190.5 297.5 169.5 250.5 318.5 315.5 281.5 340.5 388.5 396.5 336.5 483.5 441.5 522.5 367.5 427.5 211.5 549.5 217.5 432.5 291.5 545.5 311.5 
218.5 197.5 293.5 176.5 247.5 324.5 312.5 286.5 337.5 394.5 393.5 341.5 479.5 447.5 519.5 371.5 423.5 215.5 543.5 222.5 428.5 295.5 541.5 315.5 
213.5 204.5 288.5 182.5 242.5 330.5 307.5 292.5 331.5 401.5 389.5 346.5 473.5 453.5 512.5 377.5 418.5 221.5 537.5 227.5 424.5 300.5 535.5 320.5 
206.5 209.5 282.5 187.5 235.5 335.5 301.5 296.5 326.5 405.5 383.5 350.5 466.5 457.5 506.5 380.5 411.5 225.5 530.5 230.5 418.5 304.5 529.5 323.5 
199.5 215.5 275.5 192.5 230.5 341.5 296.5 301.5 319.5 410.5 376.5 355.5 459.5 461.5 498.5 384.5 404.5 230.5 522.5 234.5 412.5 307.5 522.5 326.5 
193.5 218.5 270.5 195.5 224.5 343.5 290.5 303.5 312.5 413.5 370.5 357.5 451.5 463.5 492.5 385.5 398.5 232.5 515.5 236.5 406.5 310.5 515.5 328.5 
185.5 222.5 263.5 199.5 217.5 347.5 284.5 307.5 307.5 416.5 364.5 360.5 443.5 465.5 484.5 388.5 391.5 236.5 506.5 240.5 400.5 312.5 507.5 331.5 
180.5 224.5 258.5 200.5 212.5 349.5 279.5 308.5 301.5 417.5 359.5 361.5 437.5 465.5 478.5 388.5 387.5 236.5 500.5 241.5 395.5 313.5 501.5 331.5 
176.5 225.5 253.5 201.5 207.5 349.5 274.5 308.5 295.5 417.5 353.5 361.5 430.5 463.5 471.5 387.5 381.5 237.5 493.5 242.5 389.5 314.5 494.5 331.5 
170.5 224.5 249.5 201.5 203.5 349.5 271.5 308.5 291.5 416.5 349.5 360.5 425.5 461.5 466.5 386.5 376.5 237.5 487.5 241.5 385.5 313.5 490.5 329.5 
167.5 223.5 246.5 201.5 200.5 347.5 267.5 307.5 288.5 414.5 346.5 359.5 420.5 459.5 461.5 385.5 373.5 237.5 483.5 241.5 382.5 312.5 486.5 329.5 
167.5 222.5 244.5 199.5 197.5 345.5 265.5 305.5 285.5 412.5 344.5 357.5 416.5 456.5 458.5 382.5 371.5 235.5 480.5 240.5 379.5 311.5 482.5 328.5 
165.5 218.5 243.5 197.5 197.5 342.5 264.5 303.5 284.5 408.5 342.5 354.5 414.5 451.5 456.5 379.5 369.5 233.5 478.5 238.5 378.5 308.5 480.5 325.5 
163.5 214.5 242.5 194.5 195.5 338.5 262.5 299.5 282.5 403.5 340.5 350.5 410.5 446.5 453.5 375.5 367.5 230.5 476.5 234.5 375.5 306.5 477.5 322.5 
165.5 211.5 242.5 190.5 196.5 334.5 262.5 296.5 283.5 399.5 340.5 347.5 410.5 441.5 452.5 372.5 368.5 227.5 475.5 233.5 375.5 303.5 477.5 319.5 
166.5 206.5 244.5 187.5 197.5 329.5 263.5 292.5 283.5 394.5 341.5 343.5 410.5 435.5 453.5 367.5 369.5 223.5 476.5 229.5 376.5 299.5 477.5 315.5 
169.5 203.5 246.5 184.5 199.5 326.5 265.5 289.5 285.5 390.5 342.5 340.5 411.5 431.5 453.5 364.5 370.5 221.5 477.5 226.5 378.5 296.5 479.5 312.5 
173.5 198.5 249.5 180.5 202.5 321.5 268.5 285.5 287.5 385.5 343.5 336.5 413.5 426.5 455.5 360.5 373.5 217.5 480.5 222.5 380.5 292.5 480.5 309.5 
176.5 193.5 251.5 175.5 205.5 316.5 271.5 281.5 290.5 379.5 346.5 331.5 416.5 419.5 458.5 355.5 375.5 213.5 483.5 218.5 382.5 288.5 482.5 305.5 
179.5 189.5 254.5 171.5 208.5 312.5 273.5 277.5 293.5 375.5 350.5 327.5 419.5 415.5 461.5 351.5 378.5 209.5 485.5 214.5 384.5 286.5 485.5 301.5 
184.5 185.5 258.5 167.5 212.5 307.5 276.5 273.5 298.5 370.5 353.5 323.5 424.5 410.5 465.5 346.5 382.5 206.5 490.5 210.5 388.5 282.5 489.5 297.5 
189.5 183.5 263.5 166.5 217.5 306.5 281.5 272.5 303.5 368.5 357.5 322.5 430.5 408.5 471.5 345.5 386.5 205.5 496.5 208.5 393.5 280.5 494.5 296.5 
195.5 180.5 268.5 163.5 223.5 303.5 286.5 269.5 308.5 366.5 364.5 319.5 436.5 406.5 476.5 343.5 392.5 201.5 502.5 205.5 398.5 278.5 500.5 294.5 
200.5 175.5 273.5 158.5 228.5 298.5 292.5 265.5 314.5 361.5 369.5 315.5 443.5 401.5 483.5 338.5 397.5 197.5 508.5 200.5 403.5 274.5 507.5 289.5 
204.5 170.5 278.5 154.5 233.5 294.5 296.5 261.5 318.5 358.5 374.5 311.5 450.5 397.5 489.5 335.5 402.5 193.5 515.5 195.5 408.5 270.5 512.5 286.5 
209.5 165.5 282.5 148.5 238.5 290.5 301.5 257.5 324.5 353.5 379.5 307.5 456.5 393.5 495.5 331.5 408.5 187.5 522.5 190.5 413.5 266.5 519.5 281.5 
211.5 162.5 285.5 146.5 241.5 288.5 304.5 254.5 327.5 351.5 382.5 305.5 461.5 391.5 499.5 329.5 411.5 185.5 526.5 188.5 417.5 263.5 523.5 279.5 
213.5 162.5 286.5 145.5 242.5 288.5 305.5 255.5 329.5 352.5 383.5 306.5 463.5 393.5 503.5 329.5 413.5 185.5 529.5 187.5 418.5 264.5 526.5 279.5 
211.5 161.5 285.5 144.5 241.5 288.5 305.5 254.5 328.5 352.5 383.5 305.5 464.5 392.5 503.5 328.5 412.5 184.5 529.5 186.5 418.5 263.5 526.5 278.5 
208.5 162.5 283.5 146.5 239.5 290.5 303.5 256.5 328.5 354.5 383.5 306.5 464.5 395.5 502.5 330.5 411.5 185.5 528.5 186.5 417.5 264.5 526.5 279.5 
204.5 161.5 280.5 144.5 236.5 290.5 301.5 255.5 326.5 354.5 381.5 306.5 463.5 396.5 503.5 329.5 409.5 183.5 528.5 184.5 416.5 263.5 526.5 277.5 
200.5 160.5 277.5 142.5 233.5 290.5 298.5 254.5 324.5 355.5 380.5 305.5 463.5 397.5 502.5 329.5 408.5 181.5 528.5 181.5 415.5 262.5 526.5 276.5 
194.5 157.5 273.5 138.5 229.5 289.5 296.5 252.5 322.5 355.5 378.5 304.5 463.5 397.5 503.5 327.5 406.5 178.5 528.5 177.5 414.5 259.5 526.5 273.5 
189.5 157.5 269.5 137.5 226.5 290.5 293.5 252.5 319.5 357.5 377.5 304.5 464.5 399.5 503.5 327.5 405.5 176.5 528.5 176.5 413.5 258.5 526.5 272.5 
184.5 156.5 266.5 136.5 223.5 291.5 291.5 252.5 318.5 358.5 377.5 304.5 464.5 402.5 503.5 328.5 404.5 175.5 528.5 174.5 412.5 258.5 527.5 272.5 
179.5 157.5 262.5 135.5 219.5 293.5 289.5 253.5 315.5 361.5 375.5 305.5 464.5 404.5 503.5 328.5 401.5 174.5 527.5 173.5 411.5 257.5 526.5 271.5 
175.5 158.5 260.5 137.5 217.5 296.5 286.5 255.5 314.5 364.5 374.5 307.5 463.5 408.5 502.5 331.5 400.5 175.5 526.5 174.5 409.5 260.5 525.5 273.5 
172.5 160.5 257.5 138.5 214.5 298.5 284.5 256.5 312.5 365.5 372.5 308.5 461.5 409.5 500.5 332.5 397.5 176.5 524.5 174.5 407.5 260.5 524.5 273.5 
171.5 163.5 255.5 141.5 212.5 300.5 282.5 258.5 311.5 367.5 370.5 310.5 459.5 411.5 499.5 333.5 395.5 179.5 521.5 176.5 405.5 262.5 521.5 275.5 
170.5 166.5 255.5 145.5 212.5 303.5 282.5 262.5 309.5 370.5 369.5 313.5 457.5 414.5 497.5 336.5 394.5 183.5 518.5 181.5 404.5 266.5 518.5 279.5 
173.5 169.5 256.5 148.5 213.5 304.5 282.5 264.5 309.5 371.5 368.5 315.5 456.5 414.5 495.5 337.5 394.5 184.5 517.5 183.5 403.5 268.5 517.5 281.5 
175.5 171.5 257.5 150.5 214.5 305.5 282.5 265.5 309.5 371.5 368.5 316.5 453.5 413.5 492.5 339.5 393.5 188.5 514.5 188.5 402.5 270.5 515.5 283.5 
180.5 174.5 260.5 154.5 216.5 306.5 284.5 267.5 310.5 371.5 367.5 318.5 452.5 412.5 490.5 340.5 393.5 192.5 512.5 192.5 402.5 272.5 513.5 286.5 
183.5 178.5 261.5 158.5 217.5 307.5 283.5 269.5 309.5 371.5 365.5 320.5 447.5 411.5 486.5 342.5 392.5 196.5 508.5 196.5 400.5 275.5 508.5 289.5 
186.5 184.5 261.5 164.5 218.5 310.5 283.5 273.5 308.5 373.5 364.5 322.5 443.5 411.5 482.5 343.5 389.5 201.5 503.5 201.5 398.5 278.5 504.5 291.5 
191.5 190.5 265.5 171.5 222.5 313.5 286.5 278.5 311.5 375.5 365.5 326.5 443.5 412.5 480.5 347.5 390.5 207.5 501.5 208.5 398.5 284.5 503.5 296.5 
195.5 192.5 267.5 175.5 224.5 314.5 287.5 280.5 310.5 376.5 364.5 328.5 440.5 412.5 478.5 349.5 390.5 211.5 499.5 212.5 397.5 287.5 500.5 300.5 
198.5 196.5 267.5 178.5 225.5 315.5 286.5 281.5 309.5 375.5 362.5 329.5 435.5 410.5 473.5 349.5 388.5 214.5 494.5 215.5 395.5 288.5 495.5 301.5 
199.5 197.5 267.5 179.5 226.5 315.5 286.5 282.5 309.5 374.5 361.5 329.5 434.5 407.5 471.5 348.5 386.5 215.5 491.5 216.5 394.5 289.5 493.5 301.5 
200.5 198.5 268.5 181.5 226.5 314.5 286.5 282.5 308.5 373.5 360.5 329.5 431.5 406.5 468.5 348.5 385.5 216.5 489.5 217.5 393.5 289.5 491.5 301.5 
200.5 199.5 268.5 183.5 226.5 315.5 285.5 283.5 308.5 373.5 360.5 329.5 430.5 406.5 467.5 348.5 385.5 217.5 488.5 219.5 392.5 290.5 490.5 302.5 
198.5 199.5 265.5 181.5 224.5 315.5 284.5 283.5 307.5 373.5 359.5 329.5 429.5 405.5 467.5 347.5 383.5 217.5 486.5 218.5 391.5 289.5 489.5 301.5 
194.5 197.5 263.5 180.5 222.5 315.5 282.5 282.5 305.5 373.5 358.5 328.5 429.5 405.5 466.5 346.5 382.5 215.5 486.5 215.5 390.5 288.5 488.5 300.5 
189.5 191.5 260.5 174.5 218.5 311.5 280.5 278.5 303.5 370.5 356.5 324.5 429.5 402.5 466.5 342.5 380.5 210.5 486.5 210.5 389.5 283.5 488.5 295.5 
183.5 188.5 255.5 170.5 214.5 310.5 276.5 275.5 300.5 369.5 354.5 322.5 429.5 401.5 466.5 340.5 378.5 205.5 486.5 204.5 387.5 281.5 488.5 291.5 
173.5 183.5 249.5 165.5 208.5 309.5 273.5 273.5 297.5 369.5 352.5 320.5 430.5 401.5 467.5 337.5 376.5 200.5 486.5 198.5 385.5 277.5 489.5 287.5 
167.5 180.5 245.5 161.5 204.5 309.5 270.5 271.5 295.5 370.5 351.5 319.5 432.5 403.5 469.5 336.5 375.5 197.5 488.5 194.5 385.5 275.5 491.5 284.5 
158.5 175.5 239.5 155.5 199.5 307.5 267.5 267.5 294.5 369.5 351.5 315.5 434.5 402.5 472.5 332.5 373.5 190.5 489.5 186.5 385.5 269.5 494.5 278.5 
137.5 168.5 226.5 146.5 185.5 307.5 258.5 264.5 285.5 372.5 346.5 313.5 434.5 408.5 473.5 330.5 368.5 181.5 490.5 175.5 381.5 264.5 495.5 272.5 
127.5 164.5 219.5 141.5 179.5 306.5 253.5 261.5 283.5 371.5 344.5 310.5 435.5 407.5 473.5 327.5 365.5 175.5 489.5 169.5 379.5 260.5 494.5 268.5 
119.5 165.5 214.5 142.5 172.5 309.5 248.5 263.5 278.5 375.5 340.5 313.5 431.5 413.5 471.5 330.5 361.5 177.5 487.5 169.5 375.5 263.5 492.5 270.5 
112.5 168.5 210.5 145.5 167.5 313.5 244.5 266.5 274.5 379.5 336.5 316.5 428.5 417.5 467.5 333.5 358.5 179.5 483.5 172.5 373.5 264.5 489.5 272.5 
110.5 171.5 206.5 147.5 164.5 316.5 241.5 269.5 269.5 383.5 333.5 319.5 424.5 421.5 464.5 336.5 355.5 183.5 480.5 176.5 369.5 269.5 485.5 276.5 
107.5 173.5 204.5 150.5 160.5 318.5 237.5 271.5 265.5 384.5 329.5 321.5 418.5 421.5 458.5 338.5 351.5 185.5 474.5 179.5 365.5 270.5 480.5 278.5 
107.5 174.5 202.5 152.5 159.5 318.5 236.5 272.5 262.5 384.5 326.5 322.5 413.5 420.5 453.5 339.5 348.5 188.5 470.5 182.5 362.5 272.5 476.5 279.5 
109.5 174.5 202.5 152.5 159.5 316.5 235.5 271.5 261.5 381.5 325.5 320.5 410.5 416.5 450.5 337.5 347.5 188.5 466.5 183.5 360.5 271.5 472.5 279.5 
114.5 174.5 204.5 152.5 161.5 313.5 235.5 270.5 262.5 377.5 323.5 319.5 407.5 411.5 447.5 335.5 346.5 189.5 464.5 184.5 359.5 271.5 469.5 279.5 
117.5 173.5 207.5 153.5 164.5 311.5 237.5 269.5 263.5 373.5 323.5 317.5 405.5 405.5 445.5 332.5 346.5 189.5 462.5 184.5 359.5 270.5 467.5 278.5 
123.5 172.5 211.5 153.5 168.5 308.5 239.5 267.5 265.5 369.5 324.5 315.5 404.5 400.5 443.5 330.5 347.5 189.5 461.5 185.5 359.5 269.5 466.5 277.5 
130.5 171.5 214.5 152.5 173.5 304.5 242.5 265.5 267.5 364.5 325.5 312.5 403.5 394.5 442.5 327.5 348.5 189.5 460.5 185.5 360.5 268.5 464.5 276.5 
137.5 174.5 218.5 156.5 177.5 303.5 244.5 265.5 270.5 361.5 326.5 311.5 401.5 390.5 441.5 325.5 349.5 190.5 458.5 186.5 360.5 268.5 462.5 276.5 
144.5 177.5 223.5 159.5 182.5 304.5 248.5 267.5 274.5 360.5 328.5 312.5 402.5 388.5 441.5 325.5 351.5 193.5 457.5 190.5 362.5 269.5 463.5 276.5 
154.5 177.5 229.5 159.5 190.5 301.5 254.5 265.5 279.5 357.5 334.5 309.5 406.5 383.5 444.5 323.5 355.5 193.5 461.5 189.5 366.5 268.5 466.5 275.5 
163.5 175.5 237.5 158.5 198.5 297.5 261.5 263.5 285.5 353.5 339.5 307.5 411.5 379.5 448.5 321.5 361.5 192.5 466.5 189.5 371.5 267.5 470.5 274.5 
169.5 173.5 242.5 157.5 202.5 294.5 265.5 261.5 290.5 349.5 341.5 305.5 413.5 376.5 451.5 318.5 364.5 191.5 469.5 187.5 374.5 265.5 473.5 272.5 
175.5 173.5 246.5 155.5 208.5 293.5 270.5 260.5 295.5 348.5 348.5 303.5 419.5 373.5 457.5 316.5 369.5 189.5 473.5 185.5 379.5 264.5 478.5 271.5 
180.5 173.5 251.5 156.5 213.5 294.5 274.5 261.5 299.5 349.5 351.5 305.5 425.5 375.5 461.5 319.5 374.5 190.5 479.5 187.5 384.5 265.5 483.5 273.5 
184.5 172.5 256.5 156.5 218.5 294.5 279.5 261.5 303.5 350.5 356.5 305.5 431.5 376.5 467.5 319.5 379.5 189.5 485.5 186.5 388.5 265.5 489.5 272.5 
187.5 170.5 259.5 153.5 221.5 293.5 282.5 259.5 308.5 349.5 360.5 304.5 436.5 377.5 473.5 318.5 383.5 188.5 491.5 184.5 393.5 263.5 495.5 271.5 
189.5 166.5 262.5 150.5 222.5 291.5 284.5 257.5 310.5 349.5 364.5 303.5 441.5 379.5 479.5 319.5 388.5 185.5 498.5 182.5 397.5 262.5 501.5 271.5 
189.5 161.5 264.5 145.5 223.5 288.5 287.5 255.5 312.5 348.5 367.5 301.5 446.5 380.5 484.5 318.5 391.5 182.5 504.5 179.5 400.5 260.5 506.5 270.5 
189.5 162.5 265.5 146.5 223.5 291.5 288.5 256.5 314.5 352.5 369.5 304.5 450.5 386.5 489.5 322.5 394.5 183.5 509.5 180.5 403.5 262.5 511.5 272.5 
188.5 164.5 265.5 147.5 223.5 294.5 289.5 258.5 315.5 356.5 371.5 307.5 455.5 391.5 493.5 325.5 396.5 183.5 513.5 180.5 406.5 263.5 515.5 273.5 
184.5 171.5 262.5 151.5 222.5 302.5 288.5 264.5 314.5 364.5 371.5 313.5 456.5 400.5 494.5 331.5 395.5 188.5 513.5 184.5 406.5 267.5 516.5 278.5 
179.5 178.5 259.5 159.5 218.5 309.5 285.5 271.5 311.5 373.5 368.5 320.5 454.5 410.5 492.5 339.5 393.5 193.5 511.5 189.5 404.5 274.5 515.5 284.5 
172.5 185.5 253.5 164.5 212.5 317.5 280.5 277.5 306.5 380.5 364.5 326.5 447.5 419.5 488.5 345.5 388.5 199.5 506.5 194.5 399.5 280.5 511.5 289.5 
165.5 192.5 248.5 170.5 206.5 323.5 275.5 282.5 299.5 387.5 359.5 331.5 441.5 426.5 482.5 351.5 383.5 203.5 500.5 200.5 395.5 284.5 506.5 294.5 
159.5 197.5 243.5 175.5 200.5 328.5 270.5 286.5 292.5 393.5 353.5 336.5 433.5 433.5 476.5 356.5 378.5 208.5 494.5 205.5 390.5 288.5 500.5 299.5 
155.5 201.5 239.5 179.5 195.5 331.5 266.5 290.5 287.5 397.5 349.5 340.5 426.5 438.5 470.5 362.5 373.5 213.5 489.5 210.5 386.5 292.5 495.5 304.5 
150.5 204.5 235.5 181.5 191.5 333.5 262.5 292.5 281.5 399.5 344.5 342.5 417.5 441.5 463.5 364.5 370.5 214.5 484.5 213.5 382.5 294.5 490.5 306.5 
147.5 208.5 231.5 185.5 186.5 336.5 258.5 295.5 275.5 402.5 339.5 345.5 409.5 444.5 456.5 368.5 365.5 219.5 477.5 218.5 376.5 298.5 483.5 311.5 
146.5 209.5 230.5 186.5 185.5 336.5 257.5 296.5 272.5 402.5 336.5 346.5 404.5 444.5 453.5 368.5 363.5 220.5 474.5 220.5 375.5 299.5 480.5 312.5 
145.5 210.5 229.5 188.5 182.5 336.5 255.5 297.5 269.5 402.5 333.5 347.5 398.5 445.5 448.5 370.5 360.5 223.5 470.5 223.5 372.5 301.5 476.5 314.5 
145.5 215.5 229.5 193.5 182.5 339.5 254.5 300.5 268.5 404.5 332.5 349.5 394.5 446.5 444.5 372.5 358.5 226.5 466.5 226.5 370.5 303.5 473.5 317.5 
143.5 218.5 227.5 197.5 180.5 341.5 251.5 302.5 264.5 405.5 327.5 352.5 388.5 447.5 439.5 374.5 355.5 229.5 461.5 230.5 366.5 306.5 468.5 319.5 
142.5 219.5 224.5 198.5 178.5 341.5 249.5 303.5 260.5 405.5 324.5 352.5 382.5 445.5 432.5 375.5 351.5 231.5 456.5 232.5 363.5 307.5 462.5 320.5 
139.5 223.5 221.5 201.5 174.5 343.5 245.5 305.5 255.5 406.5 319.5 354.5 374.5 446.5 426.5 376.5 346.5 234.5 449.5 235.5 358.5 309.5 456.5 323.5 
140.5 226.5 221.5 205.5 174.5 344.5 245.5 307.5 254.5 407.5 318.5 355.5 371.5 445.5 423.5 377.5 345.5 237.5 446.5 238.5 357.5 311.5 453.5 324.5 
141.5 229.5 220.5 208.5 173.5 346.5 243.5 309.5 252.5 407.5 315.5 357.5 366.5 446.5 419.5 378.5 343.5 239.5 442.5 241.5 354.5 314.5 449.5 327.5 
138.5 227.5 218.5 207.5 171.5 344.5 241.5 308.5 249.5 404.5 312.5 355.5 361.5 442.5 414.5 376.5 340.5 239.5 437.5 241.5 351.5 312.5 444.5 326.5 
136.5 229.5 215.5 209.5 168.5 345.5 237.5 308.5 246.5 404.5 308.5 355.5 356.5 440.5 409.5 375.5 335.5 240.5 432.5 241.5 347.5 313.5 439.5 325.5 
135.5 230.5 214.5 211.5 167.5 345.5 236.5 310.5 243.5 404.5 306.5 356.5 352.5 439.5 405.5 376.5 333.5 242.5 428.5 243.5 344.5 314.5 436.5 326.5 
137.5 230.5 213.5 210.5 167.5 343.5 235.5 308.5 244.5 401.5 305.5 354.5 351.5 435.5 402.5 374.5 332.5 242.5 426.5 243.5 343.5 313.5 434.5 325.5 
136.5 229.5 212.5 210.5 166.5 342.5 234.5 308.5 242.5 399.5 303.5 353.5 348.5 433.5 400.5 372.5 330.5 242.5 423.5 243.5 341.5 312.5 430.5 325.5 
135.5 230.5 211.5 212.5 165.5 343.5 232.5 309.5 240.5 399.5 300.5 354.5 346.5 431.5 397.5 372.5 327.5 243.5 420.5 244.5 338.5 314.5 427.5 325.5 
138.5 227.5 214.5 210.5 167.5 339.5 234.5 306.5 242.5 395.5 301.5 351.5 347.5 427.5 398.5 369.5 329.5 241.5 421.5 243.5 339.5 312.5 427.5 323.5 
137.5 223.5 212.5 206.5 166.5 335.5 231.5 302.5 239.5 391.5 299.5 347.5 345.5 421.5 394.5 365.5 327.5 238.5 418.5 240.5 337.5 307.5 424.5 319.5 
137.5 221.5 211.5 204.5 166.5 332.5 231.5 300.5 240.5 387.5 298.5 344.5 345.5 416.5 393.5 361.5 325.5 236.5 416.5 238.5 335.5 306.5 422.5 316.5 
141.5 217.5 214.5 200.5 170.5 327.5 234.5 296.5 244.5 382.5 303.5 339.5 349.5 410.5 396.5 356.5 328.5 232.5 419.5 233.5 338.5 301.5 425.5 311.5 
148.5 213.5 219.5 196.5 175.5 323.5 238.5 292.5 249.5 377.5 307.5 335.5 354.5 405.5 400.5 352.5 332.5 229.5 424.5 229.5 342.5 297.5 429.5 308.5 
153.5 209.5 224.5 193.5 180.5 319.5 243.5 288.5 255.5 373.5 311.5 332.5 360.5 401.5 406.5 348.5 337.5 226.5 429.5 226.5 346.5 295.5 434.5 305.5 
155.5 206.5 226.5 190.5 183.5 317.5 245.5 286.5 259.5 370.5 315.5 329.5 365.5 398.5 410.5 345.5 340.5 222.5 432.5 223.5 349.5 292.5 437.5 302.5 
153.5 201.5 224.5 185.5 182.5 313.5 245.5 283.5 258.5 367.5 313.5 326.5 367.5 393.5 411.5 341.5 339.5 219.5 432.5 219.5 348.5 288.5 437.5 298.5 
154.5 193.5 226.5 178.5 184.5 306.5 246.5 275.5 260.5 360.5 317.5 318.5 370.5 386.5 414.5 333.5 341.5 211.5 435.5 210.5 350.5 281.5 440.5 290.5 
157.5 186.5 228.5 171.5 186.5 300.5 248.5 269.5 264.5 354.5 320.5 312.5 375.5 380.5 419.5 327.5 344.5 204.5 440.5 203.5 354.5 275.5 444.5 284.5 
161.5 181.5 233.5 166.5 191.5 296.5 253.5 266.5 270.5 351.5 325.5 310.5 383.5 378.5 426.5 325.5 350.5 201.5 448.5 200.5 359.5 273.5 452.5 281.5 
168.5 176.5 240.5 161.5 198.5 293.5 260.5 262.5 277.5 348.5 333.5 306.5 393.5 375.5 435.5 322.5 358.5 196.5 457.5 195.5 367.5 268.5 461.5 278.5 
173.5 172.5 244.5 156.5 203.5 290.5 265.5 259.5 285.5 345.5 340.5 303.5 402.5 373.5 444.5 319.5 364.5 192.5 465.5 191.5 373.5 266.5 468.5 275.5 
179.5 169.5 251.5 155.5 210.5 288.5 272.5 258.5 292.5 344.5 347.5 302.5 412.5 372.5 453.5 318.5 371.5 190.5 474.5 188.5 380.5 264.5 477.5 273.5 
187.5 163.5 259.5 149.5 218.5 284.5 279.5 253.5 301.5 340.5 355.5 298.5 422.5 370.5 462.5 315.5 380.5 185.5 485.5 183.5 388.5 260.5 486.5 270.5 
191.5 161.5 262.5 145.5 221.5 283.5 283.5 251.5 305.5 340.5 360.5 297.5 430.5 370.5 470.5 314.5 385.5 183.5 492.5 181.5 393.5 259.5 494.5 268.5 
197.5 157.5 269.5 143.5 227.5 281.5 289.5 250.5 312.5 339.5 366.5 296.5 440.5 370.5 478.5 314.5 392.5 180.5 501.5 179.5 400.5 257.5 502.5 268.5 
205.5 155.5 276.5 140.5 234.5 279.5 296.5 248.5 320.5 339.5 374.5 295.5 451.5 371.5 489.5 313.5 400.5 179.5 512.5 177.5 407.5 256.5 512.5 267.5 
209.5 157.5 281.5 142.5 239.5 282.5 301.5 250.5 327.5 342.5 381.5 297.5 460.5 375.5 498.5 316.5 407.5 179.5 520.5 177.5 414.5 257.5 520.5 268.5 
216.5 161.5 288.5 146.5 247.5 287.5 309.5 255.5 335.5 348.5 389.5 302.5 471.5 382.5 508.5 321.5 414.5 183.5 529.5 181.5 422.5 261.5 529.5 273.5 
222.5 168.5 293.5 152.5 251.5 293.5 313.5 260.5 341.5 354.5 394.5 308.5 479.5 390.5 515.5 327.5 419.5 188.5 536.5 185.5 427.5 267.5 536.5 278.5 
224.5 174.5 295.5 156.5 255.5 300.5 317.5 266.5 344.5 362.5 397.5 314.5 486.5 398.5 521.5 333.5 422.5 192.5 540.5 189.5 431.5 271.5 542.5 282.5 
225.5 181.5 297.5 163.5 257.5 307.5 319.5 272.5 349.5 369.5 401.5 320.5 491.5 407.5 526.5 340.5 425.5 198.5 544.5 195.5 434.5 276.5 546.5 288.5 
226.5 189.5 298.5 170.5 258.5 315.5 320.5 279.5 349.5 379.5 403.5 328.5 494.5 418.5 528.5 349.5 426.5 205.5 546.5 202.5 435.5 284.5 548.5 296.5 
226.5 197.5 299.5 177.5 258.5 323.5 321.5 286.5 351.5 388.5 404.5 336.5 496.5 430.5 531.5 358.5 427.5 212.5 548.5 210.5 437.5 291.5 550.5 304.5 
224.5 206.5 296.5 184.5 256.5 332.5 319.5 294.5 349.5 398.5 403.5 344.5 495.5 441.5 530.5 366.5 426.5 218.5 547.5 216.5 435.5 298.5 550.5 310.5 
220.5 216.5 293.5 194.5 252.5 342.5 316.5 303.5 346.5 408.5 400.5 353.5 492.5 453.5 527.5 376.5 422.5 227.5 543.5 225.5 433.5 306.5 547.5 319.5 
214.5 226.5 289.5 203.5 248.5 352.5 312.5 311.5 342.5 418.5 396.5 361.5 489.5 463.5 523.5 385.5 418.5 235.5 537.5 233.5 429.5 313.5 542.5 327.5 
208.5 236.5 283.5 212.5 242.5 362.5 306.5 320.5 336.5 429.5 391.5 371.5 481.5 476.5 517.5 395.5 412.5 244.5 531.5 243.5 424.5 322.5 537.5 336.5 
